   375  Required
    23.297000   27.784380    5.268000   90.000000   90.000000   90.000000
     1  CT    -0.754639    1.613105   -2.106127    80     2     3     4     5
     2  HC    -0.297501    1.939528   -1.179633    85     1
     3  HC     0.072464    1.364708   -2.779328    85     1
     4  HC    -1.365313    0.757535   -2.038612    85     1
     5  CT    -1.515414    2.809565   -2.844277    81     1     6     7    50
     6  HC    -1.733687    2.536050   -3.884945    85     5
     7  CT    -2.765333    3.054827   -2.079124    81     5     8     9    10
     8  HC    -2.562502    3.352035   -0.997149    85     7
     9  HC    -3.319404    2.103562   -2.120481    85     7
    10  CT    -3.725138    4.082885   -2.750733    81     7    11    12    13
    11  HC    -3.853364    3.856459   -3.866709    85    10
    12  HC    -3.349361    5.122605   -2.580795    85    10
    13  CT    -5.148348    4.109721   -2.060630    81    10    14    15    16
    14  HC    -5.163733    4.296111   -0.996353    85    13
    15  HC    -5.406127    3.028559   -2.073465    85    13
    16  CT    -6.253778    4.961206   -2.822050    81    13    17    18    55
    17  HC    -6.337734    4.528655   -3.819153    85    16
    18  CT    -7.654097    4.817008   -2.225919    81    16    19    20    21
    19  HC    -8.313043    5.508632   -2.731483    85    18
    20  HC    -7.776386    5.253208   -1.256794    85    18
    21  CT    -8.335875    3.465265   -2.288480    81    18    22    23    24
    22  HC    -7.721047    2.706788   -1.793130    85    21
    23  HC    -8.412637    3.056822   -3.330140    85    21
    24  CT    -9.828378    3.399194   -1.707286    81    21    25    26    27
    25  HC    -9.777596    3.885988   -0.740637    85    24
    26  HC   -10.027033    2.369693   -1.518857    85    24
    27  CT   -10.885687    3.868367   -2.839424    81    24    28    29    69
    28  HC   -10.505666    3.636954   -3.863805    85    27
    29  CT   -12.312041    3.180989   -2.740417    81    27    30    31    32
    30  HC   -13.065691    3.793873   -3.368031    85    29
    31  HC   -12.561178    3.326965   -1.664243    85    29
    32  CT   -12.402274    1.719821   -3.134980    81    29    33    34    35
    33  HC   -11.709868    1.143126   -2.599926    85    32
    34  HC   -12.153919    1.577872   -4.177649    85    32
    35  CT   -13.933978    1.281564   -2.915631    81    32    36    37    38
    36  HC   -14.441325    1.798271   -3.708873    85    35
    37  HC   -14.250557    1.610123   -1.890654    85    35
    38  CT   -14.197454   -0.210168   -3.114109    81    35    39    40    83
    39  HC   -13.810071   -0.584192   -4.063527    85    38
    40  CT   -13.573534   -1.142837   -2.044827    81    38    41    42    43
    41  HC   -14.099138   -0.805547   -1.131978    85    40
    42  HC   -12.502070   -1.032955   -1.871453    85    40
    43  CT   -13.777245   -2.660946   -2.365264    81    40    44    45    46
    44  HC   -13.248459   -2.964629   -3.276478    85    43
    45  HC   -14.815202   -2.688368   -2.640750    85    43
    46  CT   -13.534477   -3.592341   -1.215141    80    43    47    48    49
    47  HC   -12.491946   -3.888439   -1.043932    85    46
    48  HC   -13.950099   -3.120327   -0.334539    85    46
    49  HC   -14.121665   -4.488564   -1.531686    85    46
    50  NA    -0.682487    4.046616   -2.986351   915     5    51    52
    51  CR    -0.503381    5.135223   -2.229407   599    50    53   195
    52  CW     0.111381    4.263669   -4.109967   602    50    54   193
    53  HA    -1.021991    5.295849   -1.265542   504    51
    54  HA     0.165384    3.538757   -4.888101   506    52
    55  NA    -5.823920    6.388842   -2.991516   915    16    56    57
    56  CW    -5.314679    6.933248   -4.092933   602    55    58    59
    57  CR    -6.116669    7.395008   -2.117915   599    55    60    61
    58  CV    -5.280582    8.294203   -3.892549   601    56    60    62
    59  HA    -5.129243    6.364764   -4.949636   506    56
    60  NA    -5.778916    8.607313   -2.670766   598    57    58    63
    61  HA    -6.591922    7.266547   -1.113042   504    57
    62  HA    -4.990363    9.166047   -4.512770   505    58
    63  CT    -5.935977    9.934390   -1.946056    81    60    64    65    66
    64  C     -4.719109   10.771892   -1.832497   406    63    67    68
    65  HC    -6.600343   10.556527   -2.548443    85    63
    66  HC    -6.465226    9.878330   -0.956340    85    63
    67  O     -4.347346   11.346024   -2.842401   916    64
    68  O     -4.182535   10.901672   -0.763527   407    64
    69  NA   -11.151476    5.326082   -2.817969   915    27    70    71
    70  CW   -10.689967    6.259598   -3.721939   602    69    72    73
    71  CR   -11.842196    6.051868   -1.970767   599    69    74    75
    72  CV   -11.351636    7.416883   -3.522244   601    70    74    76
    73  HA    -9.934043    5.990345   -4.460547   506    70
    74  NA   -12.069296    7.306773   -2.337163   598    71    72    77
    75  HA   -12.369707    5.701589   -1.075409   504    71
    76  HA   -11.325901    8.268653   -4.198351   505    72
    77  CT   -12.775428    8.449660   -1.761710    81    74    78    79    80
    78  C    -14.025988    9.009706   -2.437507   406    77    81    82
    79  HC   -13.091470    7.985562   -0.759907    85    77
    80  HC   -12.166432    9.231007   -1.486002    85    77
    81  O    -13.865091    9.509420   -3.543352   916    78
    82  O    -15.164882    8.869730   -1.906563   407    78
    83  NA   -15.715953   -0.388710   -3.232802   915    38    84    85
    84  CW   -16.528318    0.059451   -4.229956   602    83    86    87
    85  CR   -16.571005   -0.875739   -2.313517   599    83    88    89
    86  CV   -17.866711   -0.202292   -3.855121   601    84    88    90
    87  HA   -16.205150    0.609830   -5.104931   506    84
    88  NA   -17.832536   -0.878619   -2.648364   598    85    86    91
    89  HA   -16.183080   -1.272551   -1.463767   504    85
    90  HA   -18.751387    0.026866   -4.489671   505    86
    91  CT   -19.027927   -1.392053   -1.899027    81    88    92    93    94
    92  C    -19.886991   -2.397574   -2.709768   406    91    95    96
    93  HC   -18.737595   -1.748616   -0.900248    85    91
    94  HC   -19.663431   -0.459344   -1.791290    85    91
    95  O    -20.577238   -1.983801   -3.660865   916    92
    96  O    -19.710945   -3.618038   -2.450176   407    92
    97  CT    12.593011   -2.097280    0.375836    80    98    99   100   101
    98  HC    11.737959   -2.669780    0.194161    85    97
    99  HC    13.002968   -2.299685   -0.586465    85    97
   100  HC    12.292274   -1.017858    0.330434    85    97
   101  CT    13.421599   -2.474786    1.622043    81    97   102   103   146
   102  HC    12.933401   -2.083596    2.579126    85   101
   103  CT    13.706831   -3.952185    1.835681    81   101   104   105   106
   104  HC    14.073701   -4.142356    2.842187    85   103
   105  HC    14.424136   -4.199127    1.074818    85   103
   106  CT    12.472705   -4.810168    1.507473    81   103   107   108   109
   107  HC    12.404499   -4.976499    0.440916    85   106
   108  HC    11.647603   -4.437318    2.079953    85   106
   109  CT    12.632851   -6.215297    2.005324    81   106   110   111   112
   110  HC    13.352002   -6.226988    2.871391    85   109
   111  HC    13.231658   -6.731418    1.269008    85   109
   112  CT    11.391769   -7.029852    2.374407    81   109   113   114   151
   113  HC    10.944710   -6.641998    3.330075    85   112
   114  CT    10.295783   -6.901534    1.223136    81   112   115   116   117
   115  HC    10.475539   -7.461145    0.305010    85   114
   116  HC    10.032951   -5.904229    0.888152    85   114
   117  CT     8.940663   -7.306385    1.735150    81   114   118   119   120
   118  HC     8.785856   -6.774451    2.689765    85   117
   119  HC     8.963965   -8.396412    1.919556    85   117
   120  CT     7.690778   -7.175073    0.775950    81   117   121   122   123
   121  HC     7.749204   -7.768378   -0.078368    85   120
   122  HC     7.720679   -6.121938    0.439269    85   120
   123  CT     6.283490   -7.480614    1.422319    81   120   124   125   165
   124  HC     6.224591   -6.958402    2.365457    85   123
   125  CT     5.119956   -6.971874    0.441514    81   123   126   127   128
   126  HC     5.206187   -7.471810   -0.487917    85   125
   127  HC     5.406371   -5.961962    0.184680    85   125
   128  CT     3.692255   -6.836905    0.982592    81   125   129   130   131
   129  HC     3.735823   -6.091522    1.775605    85   128
   130  HC     3.373755   -7.779909    1.502016    85   128
   131  CT     2.790092   -6.391287   -0.224196    81   128   132   133   134
   132  HC     2.880169   -7.050519   -1.037567    85   131
   133  HC     3.190865   -5.476228   -0.654671    85   131
   134  CT     1.308845   -6.183485    0.260227    81   131   135   136   179
   135  HC     1.352525   -5.617659    1.260663    85   134
   136  CT     0.449365   -5.374755   -0.673403    81   134   137   138   139
   137  HC    -0.558015   -5.379826   -0.248462    85   136
   138  HC     0.496622   -5.915374   -1.649240    85   136
   139  CT     0.712474   -3.960990   -0.996103    81   136   140   141   142
   140  HC     1.766836   -3.884131   -1.046999    85   139
   141  HC     0.289912   -3.409807   -0.168289    85   139
   142  CT     0.168344   -3.348756   -2.304075    80   139   143   144   145
   143  HC     0.224564   -2.280895   -2.196048    85   142
   144  HC     0.820901   -3.489966   -3.170865    85   142
   145  HC    -0.864660   -3.701241   -2.544232    85   142
   146  NA    14.654763   -1.717870    1.599426   915   101   147   148
   147  CR    15.647852   -1.663340    0.682982   599   146   149   210
   148  CW    14.913016   -0.798547    2.586331   602   146   150   202
   149  HA    15.710080   -2.294318   -0.190383   504   147
   150  HA    14.243818   -0.484674    3.396975   506   148
   151  NA    11.770316   -8.426198    2.742272   915   112   152   153
   152  CW    12.457500   -8.726240    3.945782   602   151   154   155
   153  CR    11.715825   -9.595016    2.091775   599   151   156   157
   154  CV    12.755418  -10.065448    3.926629   601   152   156   158
   155  HA    12.707130   -8.002961    4.710018   506   152
   156  NA    12.351384  -10.598355    2.688035   598   153   154   159
   157  HA    11.242494   -9.738527    1.080601   504   153
   158  HA    13.332014  -10.686853    4.730956   505   154
   159  CT    12.230367  -12.005461    2.292375    81   156   160   161   162
   160  C     13.337405  -12.556483    1.379381   406   159   163   164
   161  HC    12.217307  -12.587328    3.181023    85   159
   162  HC    11.317919  -12.193103    1.798416    85   159
   163  O     13.022477  -13.512038    0.695396   916   160
   164  O     14.467986  -12.049022    1.479796   407   160
   165  NA     6.200244   -8.947740    1.704954   915   123   166   167
   166  CW     6.586381   -9.588890    2.882373   602   165   168   169
   167  CR     5.653623   -9.878406    0.949859   599   165   170   171
   168  CV     6.064187  -10.874624    2.908501   601   166   170   172
   169  HA     7.227557   -9.100369    3.585791   506   166
   170  NA     5.476517  -10.999983    1.605799   598   167   168   173
   171  HA     5.276673   -9.703025   -0.099097   504   167
   172  HA     6.107381  -11.689920    3.668463   505   168
   173  CT     4.993521  -12.227439    0.947124    81   170   174   175   176
   174  C      4.167501  -13.120390    1.903421   406   173   177   178
   175  HC     4.202264  -11.894582    0.280335    85   173
   176  HC     5.713795  -12.711492    0.332716    85   173
   177  O      3.026408  -12.797396    2.225910   916   174
   178  O      4.636889  -14.183402    2.183209   407   174
   179  NA     0.592567   -7.453440    0.529919   915   134   180   181
   180  CW     0.805832   -8.217129    1.643240   602   179   182   183
   181  CR    -0.239979   -8.182979   -0.229623   599   179   184   185
   182  CV     0.000030   -9.339250    1.526204   601   180   184   186
   183  HA     1.554139   -7.932265    2.409175   506   180
   184  NA    -0.825815   -9.206405    0.434756   598   181   182   187
   185  HA    -0.429173   -7.818615   -1.217824   504   181
   186  HA    -0.123328  -10.136885    2.322985   505   182
   187  CT    -1.756013  -10.309287   -0.111499    81   184   188   189   190
   188  C     -3.171809   -9.991685   -0.192999   406   187   191   192
   189  HC    -1.478601  -10.620058   -1.115324    85   187
   190  HC    -1.666447  -11.222619    0.438970    85   187
   191  O     -3.719912   -9.851808    0.904513   916   188
   192  O     -3.722752   -9.906793   -1.281596   407   188
   193  CV     0.679203    5.532553   -3.989993   601    52   194   195
   194  HA     1.374306    6.097749   -4.629585   505   193
   195  NA     0.277328    6.055371   -2.788759   598    51   193   196
   196  CT     0.620164    7.397999   -2.384612    81   195   197   198   199
   197  HC     0.306832    8.156010   -3.147059    85   196
   198  HC     0.022379    7.644568   -1.472444    85   196
   199  C      2.114640    7.720844   -1.963665   406   196   200   201
   200  O      2.643166    7.023458   -1.218488   916   199
   201  O      2.721493    8.561716   -2.559135   407   199
   202  CV    16.103369   -0.240403    2.210471   601   148   203   210
   203  HA    16.439401    0.638729    2.586449   505   202
   204  CT    17.870826   -0.530150    0.298367    81   205   206   207   210
   205  HC    18.552243   -1.236236    0.766442    85   204
   206  HC    17.822581   -0.676864   -0.837316    85   204
   207  C     18.378647    0.948612    0.554968   406   204   208   209
   208  O     19.525370    1.096960    0.919535   407   207
   209  O     17.589926    1.855377    0.298294   916   207
   210  NA    16.557055   -0.800361    1.006177   598   147   202   204
   211  OW    -2.540775   -1.709684   -2.537358    63   212   213
   212  HW    -3.348105   -2.143249   -2.307524    64   211
   213  HW    -2.163406   -1.538290   -1.647015    64   211
   214  OW     9.548899  -10.072526   -1.053095    63   215   216
   215  HW    10.441513  -10.147620   -1.416435    64   214
   216  HW     9.128041  -10.870654   -1.262536    64   214
   217  OW     6.531097    3.616243    2.303422    63   218   219
   218  HW     7.138130    3.651025    1.558893    64   217
   219  HW     6.705083    4.446052    2.801529    64   217
   220  OW    -6.233534  -12.455801   -2.396297    63   221   222
   221  HW    -6.934450  -13.084795   -2.216485    64   220
   222  HW    -5.912022  -12.305456   -1.503911    64   220
   223  OW     3.924983    3.562680    1.557302    63   224   225
   224  HW     4.869971    3.564755    1.507388    64   223
   225  HW     3.651642    2.727310    1.172644    64   223
   226  OW    -6.480430   -5.125269   -1.892149    63   227   228
   227  HW    -5.975141   -4.492363   -2.486146    64   226
   228  HW    -6.455411   -5.949102   -2.465250    64   226
   229  OW     1.002624   -0.166128    0.221388    63   230   231
   230  HW     1.664256   -0.845459    0.320608    64   229
   231  HW     1.512273    0.594079   -0.025639    64   229
   232  OW    -8.524337    1.355327    0.199894    63   233   234
   233  HW    -7.709900    1.629143   -0.189361    64   232
   234  HW    -8.243320    0.721453    0.878216    64   232
   235  OW     4.493754   10.446256   -2.134941    63   236   237
   236  HW     4.820969   10.631342   -1.240236    64   235
   237  HW     3.806567    9.798688   -2.037305    64   235
   238  OW     6.720670   12.891839   -0.711375    63   239   240
   239  HW     7.208947   12.263493   -0.155053    64   238
   240  HW     5.916338   12.960031   -0.195312    64   238
   241  OW   -10.095817   11.811078   -1.786939    63   242   243
   242  HW   -10.712080   12.516908   -1.619601    64   241
   243  HW   -10.205753   11.366174   -0.918799    64   241
   244  OW     3.087320   -9.861085   -2.188225    63   245   246
   245  HW     3.986269   -9.990397   -2.526344    64   244
   246  HW     2.689143  -10.574690   -2.699422    64   244
   247  OW     6.281899   -4.288578   -2.119021    63   248   249
   248  HW     6.514485   -4.146862   -1.158849    64   247
   249  HW     5.347360   -4.326843   -2.110397    64   247
   250  OW     2.241591    3.997740   -1.532239    63   251   252
   251  HW     2.755906    4.142958   -2.352432    64   250
   252  HW     1.408947    4.483396   -1.675098    64   250
   253  OW    -5.802567   -7.327383    2.102345    63   254   255
   254  HW    -6.152975   -7.708333    1.249215    64   253
   255  HW    -4.862640   -7.345429    1.942980    64   253
   256  OW    -8.418229    8.066564    1.306350    63   257   258
   257  HW    -9.025840    8.003137    2.135204    64   256
   258  HW    -7.495573    8.129964    1.644866    64   256
   259  OW    -2.478329   -7.114247    2.246613    63   260   261
   260  HW    -1.662645   -7.585356    2.301152    64   259
   261  HW    -2.647382   -7.230045    1.281179    64   259
   262  OW    -2.939527   13.638021   -0.447536    63   263   264
   263  HW    -2.807013   13.901934   -1.372270    64   262
   264  HW    -3.327144   12.772338   -0.605939    64   262
   265  OW     0.060368  -12.903362   -1.391711    63   266   267
   266  HW     0.355350  -12.109886   -0.947750    64   265
   267  HW     0.466761  -13.019089   -2.243329    64   265
   268  OW    -9.459096   10.819905    0.881103    63   269   270
   269  HW    -8.883724   10.137262    1.202725    64   268
   270  HW    -9.657669   11.241411    1.770991    64   268
   271  OW    -1.738399    6.890844    0.616268    63   272   273
   272  HW    -2.375009    7.187678    1.333230    64   271
   273  HW    -1.028021    6.457906    1.156116    64   271
   274  OW     5.462992    1.815972   -1.277757    63   275   276
   275  HW     6.000394    1.178367   -1.610258    64   274
   276  HW     5.860676    2.575519   -1.747223    64   274
   277  OW    -0.667433    9.734100    0.250276    63   278   279
   278  HW    -0.734213    8.800495    0.259544    64   277
   279  HW    -0.898953    9.930259    1.166257    64   277
   280  OW     8.809627  -11.822880    1.379575    63   281   282
   281  HW     7.999229  -11.321892    1.542960    64   280
   282  HW     8.649610  -12.186055    0.449115    64   280
   283  OW    -7.416179   -9.771235   -1.380273    63   284   285
   284  HW    -7.967428   -9.437967   -2.094951    64   283
   285  HW    -7.247718  -10.681414   -1.534906    64   283
   286  OW    -8.870888   -8.895248    1.472819    63   287   288
   287  HW    -8.843098   -9.227977    0.565576    64   286
   288  HW    -9.520059   -9.463571    1.985809    64   286
   289  OW     6.758647   11.838970    1.836736    63   290   291
   290  HW     6.370182   11.007322    1.989042    64   289
   291  HW     6.448619   12.394481    2.585184    64   289
   292  OW    -3.012254   -4.124531    0.582232    63   293   294
   293  HW    -2.340188   -3.844929   -0.036196    64   292
   294  HW    -3.042837   -5.099666    0.403778    64   292
   295  OW    -5.722525   -4.340207    0.628740    63   296   297
   296  HW    -6.057252   -4.824355   -0.098183    64   295
   297  HW    -4.958809   -3.864962    0.302602    64   295
   298  OW     8.594460  -12.927357   -1.090910    63   299   300
   299  HW     8.741675  -13.144099   -2.001420    64   298
   300  HW     7.910656  -13.563380   -0.868062    64   298
   301  OW    -1.522344   -1.472945    0.011753    63   302   303
   302  HW    -0.742124   -0.929490    0.232765    64   301
   303  HW    -2.060618   -1.555262    0.811379    64   301
   304  OW    -2.753502    8.055222   -2.021918    63   305   306
   305  HW    -2.569587    7.318769   -1.432406    64   304
   306  HW    -3.674313    7.945871   -2.353337    64   304
   307  OW     4.787694    5.606109   -0.216130    63   308   309
   308  HW     4.029964    6.066183   -0.645735    64   307
   309  HW     4.335415    5.035651    0.406025    64   307
   310  OW    -3.098066   -6.691721   -0.189852    63   311   312
   311  HW    -3.979299   -7.122622   -0.165426    64   310
   312  HW    -2.819787   -7.032022   -1.078041    64   310
   313  OW    -1.191151   10.417918   -2.430115    63   314   315
   314  HW    -0.786862   10.489501   -1.611519    64   313
   315  HW    -1.966976    9.856419   -2.197251    64   313
   316  OW    -9.180894    8.069171   -1.287024    63   317   318
   317  HW   -10.091814    7.786370   -1.117541    64   316
   318  HW    -8.777903    8.203361   -0.408921    64   316
   319  OW     7.772293    4.367857   -0.186787    63   320   321
   320  HW     8.561636    4.984282   -0.005740    64   319
   321  HW     6.983150    4.930987    0.001382    64   319
   322  OW    -5.237012   -2.620462   -2.464182    63   323   324
   323  HW    -5.842960   -1.848581   -2.634392    64   322
   324  HW    -5.377888   -3.197034   -3.197149    64   322
   325  OW    -5.998887  -12.064209    0.118944    63   326   327
   326  HW    -5.578630  -11.175372    0.262423    64   325
   327  HW    -6.549095  -12.224716    0.914747    64   325
   328  OW     1.627380   12.441078    2.605883    63   329   330
   329  HW     2.125695   13.261229    2.487241    64   328
   330  HW     0.910032   12.657831    1.979984    64   328
   331  OW    -6.607422   12.453449    0.837451    63   332   333
   332  HW    -5.614970   12.244950    0.974831    64   331
   333  HW    -6.978020   12.935351    1.599912    64   331
   334  OW     6.575643   -3.401432    0.658139    63   335   336
   335  HW     6.515127   -3.878030    1.496194    64   334
   336  HW     6.138374   -2.557509    0.858158    64   334
   337  OW    -5.707548   -7.949992   -0.527732    63   338   339
   338  HW    -5.659818   -7.713333   -1.474305    64   337
   339  HW    -6.102064   -8.836962   -0.687078    64   337
   340  OW     9.211963    6.142892    0.992316    63   341   342
   341  HW    10.032904    6.617024    1.354889    64   340
   342  HW     8.672280    6.080364    1.777766    64   340
   343  OW    -7.754128   13.041624   -1.859797    63   344   345
   344  HW    -7.261601   12.812732   -1.023088    64   343
   345  HW    -8.569034   12.519507   -1.799765    64   343
   346  OW    10.580133   12.963946   -1.280256    63   347   348
   347  HW    10.241186   12.707661   -0.388264    64   346
   348  HW    10.923157   13.798976   -1.022071    64   346
   349  OW    -0.321772   13.500578    1.111979    63   350   351
   350  HW    -0.323304   13.944460    0.297393    64   349
   351  HW    -1.219120   13.381363    1.221450    64   349
   352  OW     1.516260  -10.801454   -0.153261    63   353   354
   353  HW     2.221549  -10.251305   -0.541039    64   352
   354  HW     0.891742  -10.173380    0.321273    64   352
   355  OW     2.024164   10.822683   -0.339128    63   356   357
   356  HW     1.895477   11.267685   -1.203948    64   355
   357  HW     1.162529   10.708453    0.127644    64   355
   358  OW     4.425754   10.455271    0.564617    63   359   360
   359  HW     3.462172   10.611413    0.396103    64   358
   360  HW     4.509402   10.647675    1.561831    64   358
   361  OW    -3.106255  -13.087608    2.112676    63   362   363
   362  HW    -3.228883  -13.351765    1.143687    64   361
   363  HW    -3.910657  -12.577202    2.309590    64   361
   364  OW     6.960461    6.504363    2.443041    63   365   366
   365  HW     6.334798    6.605590    1.704341    64   364
   366  HW     7.204514    7.392193    2.742174    64   364
   367  OW     5.536376    8.054134    0.855520    63   368   369
   368  HW     5.209960    8.975830    0.567283    64   367
   369  HW     5.635723    7.609592    0.027854    64   367
   370  OW     2.864187    1.676682   -0.316473    63   371   372
   371  HW     3.753205    1.698616   -0.645798    64   370
   372  HW     2.571359    2.557064   -0.510742    64   370
   373  OW     9.546422   12.328750    1.178801    63   374   375
   374  HW     9.926939   12.723097    1.941324    64   373
   375  HW     8.722610   11.894190    1.439223    64   373
